62.537651 -69.03453 -490.9372 -132.6345 -111.4202 -229.6684 36.712379 -233.1095 -299.3142 333.42827
213.45604 -130.6656 -429.3200 -343.4046 235.81528 -82.06834 -255.7348 -304.7417 -472.2297 366.13854 192.20266 -258.7029
-99.89466 -116.7555 454.35115 430.79442 438.20849
-364.7915 494.14199 472.25381 -457.8650 252.68579 130.27396 -58.50944 243.75557 179.57957 -249.6343 373.51503 -473.8014 -362.6006 -74.63380
440.51834 11.134048 -380.9483 -168.7578 -437.0784 86.171443 -381.3485 124.13080 248.52898
-347.8352 434.44867 255.08249
-326.1902 -136.7060 -360.6879 -201.3138 -175.7812 -58.10342 -496.4483 118.71931 365.84759 387.19976 -149.6248
41.103456 332.18318 -252.8408 -285.2202 -498.1177 -176.4931 -252.4353 391.77393 -89.05223
314.39115 -334.2198 -47.20188 -361.4210 92.598350 -53.16077 -35.47024 421.43968 178.03692 42.681292
487.11240 -253.5506 64.103389 91.542950 264.39652 -164.9916 463.88405 181.31861 40.626337
148.11617 -185.7805 -292.4993 275.28091 177.20105 391.81523 252.37420 -15.35993 -40.90456 119.68302
-483.0952 460.43729 424.35286 -112.4968
-390.6480 334.39955 210.49093 -221.7355 111.42920 451.16480 346.54149 -163.0868 79.932935 -326.6810 -328.3686 -316.3234 449.77359
-129.8803 390.63888 -400.8856 -181.6780 -114.5001 -112.6316 341.23866 -462.5695 274.94032 -178.8064 363.69937 404.95170 487.20459
209.01360 392.26230 173.75833 290.81464 403.42355 427.54734 100.32176 196.19086 37.295617 -450.9684 387.39402 126.80071 296.91633 -292.6587 -238.7865
257.00404 263.62350 -221.6003 256.96931 423.31629 -425.0875 73.943733 114.22218 5.1116746 -228.6336
124.60682 -234.3284 93.795426 -183.8697 484.97226 53.238415 252.85970 124.37906 -39.60044 121.14309 185.32336 416.13015 132.91435 443.68572 -207.8783
-260.0264 -12.08927 165.38383 -92.77505 146.97612 -228.7157 -122.4984 -270.1327 -257.4095 -197.5777 478.64564 446.69485
-86.88258 8.0729259 -76.03384
68.161246 -302.0899 -241.8842
